# oST version 5.0 parameters


[image]

width
1280

height
720

[narrow_stereo]

camera matrix
1421.485851 0.000000 507.979757
0.000000 1418.472459 368.536610
0.000000 0.000000 1.000000

distortion
0.160089 -0.448469 0.000772 0.003553 0.000000

rectification
1.000000 0.000000 0.000000
0.000000 1.000000 0.000000
0.000000 0.000000 1.000000

projection
1438.800659 0.000000 508.934769 0.000000
0.000000 1439.619873 368.317416 0.000000
0.000000 0.000000 1.000000 0.000000
