image_width: 1280
image_height: 720
camera_name: narrow_stereo
camera_matrix:
  rows: 3
  cols: 3
  data: [1421.48585,    0.     ,  507.97976,
            0.     , 1418.47246,  368.53661,
            0.     ,    0.     ,    1.     ]
distortion_model: plumb_bob
distortion_coefficients:
  rows: 1
  cols: 5
  data: [0.160089, -0.448469, 0.000772, 0.003553, 0.000000]
rectification_matrix:
  rows: 3
  cols: 3
  data: [1., 0., 0.,
         0., 1., 0.,
         0., 0., 1.]
projection_matrix:
  rows: 3
  cols: 4
  data: [1438.80066,    0.     ,  508.93477,    0.     ,
            0.     , 1439.61987,  368.31742,    0.     ,
            0.     ,    0.     ,    1.     ,    0.     ]
